0 , 4
1 , 0
2 , 8
3 , 8
4 , 5
5 , 1
6 , 3
7 , 4
8 , 6
9 , 8
10 , 1
11 , 5
12 , 1
13 , 8
14 , 4
15 , 6
16 , 1
17 , 9
18 , 8
19 , 2
20 , 4
21 , 1
22 , 6
23 , 7
24 , 9
25 , 8
26 , 4
27 , 1
28 , 4
29 , 9
30 , 8
31 , 7
32 , 0
33 , 6
34 , 9
35 , 0
36 , 2
37 , 3
38 , 4
39 , 1
40 , 3
41 , 7
42 , 1
43 , 0
44 , 2
45 , 6
46 , 0
47 , 1
48 , 9
49 , 8
50 , 5
51 , 6
52 , 1
53 , 6
54 , 7
55 , 8
56 , 1
57 , 0
58 , 5
59 , 4
60 , 4
61 , 9
62 , 0
63 , 6
64 , 1
65 , 6
66 , 1
67 , 2
68 , 1
69 , 7
70 , 5
71 , 4
72 , 9
73 , 3
74 , 7
75 , 0
76 , 1
77 , 0
78 , 0
79 , 6
80 , 8
81 , 5
82 , 9
83 , 2
84 , 3
85 , 3
86 , 4
87 , 4
88 , 4
89 , 6
90 , 4
91 , 0
92 , 5
93 , 3
94 , 5
95 , 4
96 , 8
97 , 0
98 , 1
99 , 8
100 , 1
101 , 3
102 , 0
103 , 4
104 , 2
105 , 5
106 , 9
107 , 6
108 , 7
109 , 5
110 , 0
111 , 5
112 , 1
113 , 1
114 , 7
115 , 5
116 , 3
117 , 9
118 , 4
119 , 2
120 , 8
121 , 5
122 , 7
123 , 9
124 , 8
125 , 4
126 , 1
127 , 6
128 , 7
129 , 3
130 , 0
131 , 7
132 , 8
133 , 4
134 , 4
135 , 1
136 , 8
137 , 6
138 , 9
139 , 4
140 , 0
141 , 2
142 , 9
143 , 7
144 , 5
145 , 9
146 , 6
147 , 6
148 , 6
149 , 0
150 , 3
151 , 6
152 , 2
153 , 6
154 , 2
155 , 0
156 , 8
157 , 1
158 , 8
159 , 4
160 , 3
161 , 5
162 , 0
163 , 4
164 , 7
165 , 5
166 , 4
167 , 1
168 , 4
169 , 8
170 , 2
171 , 6
172 , 3
173 , 9
174 , 2
175 , 6
176 , 9
177 , 9
178 , 6
179 , 9
180 , 7
181 , 1
182 , 7
183 , 8
184 , 2
185 , 5
186 , 1
187 , 0
188 , 0
189 , 7
190 , 6
191 , 2
192 , 3
193 , 8
194 , 9
195 , 1
196 , 5
197 , 4
198 , 9
199 , 6
200 , 3
201 , 9
202 , 4
203 , 8
204 , 2
205 , 7
206 , 0
207 , 9
208 , 1
209 , 9
210 , 9
211 , 4
212 , 7
213 , 5
214 , 8
215 , 9
216 , 9
217 , 4
218 , 7
219 , 9
220 , 3
221 , 7
222 , 3
223 , 5
224 , 0
225 , 4
226 , 5
227 , 0
228 , 5
229 , 2
230 , 8
231 , 3
232 , 3
233 , 2
234 , 8
235 , 9
236 , 6
237 , 1
238 , 6
239 , 6
240 , 8
241 , 9
242 , 5
243 , 7
244 , 8
245 , 8
246 , 7
247 , 1
248 , 5
249 , 7
250 , 6
251 , 7
252 , 8
253 , 1
254 , 1
255 , 9
256 , 7
257 , 6
258 , 2
259 , 4
260 , 8
261 , 0
262 , 5
263 , 4
264 , 2
265 , 8
266 , 5
267 , 8
268 , 7
269 , 9
270 , 6
271 , 9
272 , 2
273 , 7
274 , 8
275 , 9
276 , 3
277 , 1
278 , 4
279 , 8
280 , 0
281 , 2
282 , 3
283 , 3
284 , 0
285 , 3
286 , 6
287 , 6
288 , 9
289 , 0
290 , 9
291 , 6
292 , 9
293 , 8
294 , 1
295 , 9
296 , 9
297 , 1
298 , 5
299 , 9
300 , 8
301 , 8
302 , 9
303 , 1
304 , 0
305 , 7
306 , 7
307 , 5
308 , 1
309 , 6
310 , 4
311 , 8
312 , 4
313 , 7
314 , 1
315 , 5
316 , 3
317 , 4
318 , 9
319 , 5
320 , 5
321 , 8
322 , 1
323 , 3
324 , 7
325 , 3
326 , 2
327 , 5
328 , 8
329 , 2
330 , 2
331 , 8
332 , 0
333 , 3
334 , 3
335 , 6
336 , 6
337 , 6
338 , 4
339 , 7
340 , 5
341 , 2
342 , 6
343 , 0
344 , 1
345 , 8
346 , 4
347 , 7
348 , 8
349 , 5
350 , 8
351 , 7
352 , 9
353 , 6
354 , 4
355 , 7
356 , 2
357 , 7
358 , 3
359 , 6
360 , 4
361 , 4
362 , 4
363 , 5
364 , 5
365 , 2
366 , 0
367 , 4
368 , 4
369 , 7
370 , 2
371 , 3
372 , 4
373 , 2
374 , 0
375 , 3
376 , 6
377 , 3
378 , 0
379 , 7
380 , 4
381 , 4
382 , 4
383 , 3
384 , 6
385 , 7
386 , 3
387 , 2
388 , 5
389 , 7
390 , 4
391 , 1
392 , 4
393 , 5
394 , 9
395 , 5
396 , 4
397 , 7
398 , 0
399 , 6
400 , 0
401 , 9
402 , 7
403 , 3
404 , 7
405 , 2
406 , 2
407 , 3
408 , 6
409 , 8
410 , 6
411 , 8
412 , 2
413 , 8
414 , 2
415 , 5
416 , 6
417 , 8
418 , 8
419 , 4
420 , 2
421 , 8
422 , 4
423 , 6
424 , 9
425 , 0
426 , 4
427 , 6
428 , 5
429 , 3
430 , 9
431 , 6
432 , 9
433 , 8
434 , 4
435 , 7
436 , 1
437 , 3
438 , 8
439 , 4
440 , 7
441 , 0
442 , 0
443 , 7
444 , 9
445 , 8
446 , 5
447 , 3
448 , 9
449 , 4
450 , 9
451 , 5
452 , 5
453 , 4
454 , 6
455 , 5
456 , 6
457 , 4
458 , 6
459 , 8
460 , 7
461 , 9
462 , 7
463 , 6
464 , 1
465 , 2
466 , 5
467 , 4
468 , 6
469 , 2
470 , 2
471 , 0
472 , 4
473 , 6
474 , 5
475 , 0
476 , 6
477 , 4
478 , 8
479 , 1
480 , 2
481 , 1
482 , 4
483 , 5
484 , 3
485 , 4
486 , 8
487 , 7
488 , 0
489 , 1
490 , 1
491 , 6
492 , 8
493 , 2
494 , 8
495 , 5
496 , 4
497 , 2
498 , 6
499 , 5
500 , 3
501 , 1
502 , 6
503 , 4
504 , 7
505 , 7
506 , 3
507 , 9
508 , 8
509 , 1
510 , 1
511 , 7
512 , 8
513 , 1
514 , 3
515 , 6
516 , 9
517 , 4
518 , 7
519 , 0
520 , 6
521 , 3
522 , 8
523 , 2
524 , 3
525 , 8
526 , 6
527 , 5
528 , 6
529 , 3
530 , 2
531 , 2
532 , 0
533 , 1
534 , 6
535 , 3
536 , 6
537 , 9
538 , 9
539 , 2
540 , 3
541 , 0
542 , 1
543 , 0
544 , 3
545 , 7
546 , 5
547 , 7
548 , 3
549 , 9
550 , 9
551 , 7
552 , 2
553 , 5
554 , 1
555 , 3
556 , 9
557 , 1
558 , 3
559 , 1
560 , 4
561 , 0
562 , 1
563 , 5
564 , 1
565 , 7
566 , 9
567 , 9
568 , 4
569 , 7
570 , 9
571 , 4
572 , 4
573 , 9
574 , 9
575 , 6
576 , 1
577 , 2
578 , 8
579 , 9
580 , 9
581 , 4
582 , 1
583 , 2
584 , 9
585 , 4
586 , 0
587 , 9
588 , 0
589 , 1
590 , 8
591 , 9
592 , 3
593 , 3
594 , 0
595 , 5
596 , 7
597 , 9
598 , 1
599 , 4
600 , 8
601 , 3
602 , 9
603 , 9
604 , 5
605 , 8
606 , 9
607 , 5
608 , 7
609 , 5
610 , 9
611 , 6
612 , 0
613 , 8
614 , 1
615 , 1
616 , 0
617 , 5
618 , 7
619 , 8
620 , 9
621 , 9
622 , 7
623 , 7
624 , 0
625 , 2
626 , 8
627 , 8
628 , 3
629 , 3
630 , 4
631 , 8
632 , 6
633 , 0
634 , 9
635 , 9
636 , 0
637 , 0
638 , 4
639 , 5
640 , 1
641 , 8
642 , 9
643 , 0
644 , 0
645 , 5
646 , 0
647 , 1
648 , 8
649 , 3
650 , 3
651 , 5
652 , 0
653 , 9
654 , 4
655 , 6
656 , 8
657 , 7
658 , 9
659 , 0
660 , 1
661 , 0
662 , 0
663 , 8
664 , 9
665 , 1
666 , 2
667 , 7
668 , 0
669 , 2
670 , 8
671 , 1
672 , 6
673 , 3
674 , 6
675 , 8
676 , 6
677 , 7
678 , 3
679 , 2
680 , 6
681 , 2
682 , 2
683 , 4
684 , 4
685 , 7
686 , 3
687 , 8
688 , 1
689 , 0
690 , 1
691 , 6
692 , 5
693 , 1
694 , 9
695 , 4
696 , 7
697 , 0
698 , 4
699 , 6
700 , 0
701 , 3
702 , 9
703 , 9
704 , 9
705 , 0
706 , 8
707 , 0
708 , 1
709 , 6
710 , 1
711 , 4
712 , 9
713 , 8
714 , 7
715 , 6
716 , 1
717 , 3
718 , 2
719 , 7
720 , 9
721 , 7
722 , 0
723 , 0
724 , 4
725 , 7
726 , 5
727 , 0
728 , 0
729 , 2
730 , 2
731 , 0
732 , 8
733 , 2
734 , 8
735 , 3
736 , 3
737 , 5
738 , 3
739 , 2
740 , 2
741 , 8
742 , 7
743 , 4
744 , 0
745 , 0
746 , 0
747 , 9
748 , 4
749 , 4
750 , 6
751 , 0
752 , 7
753 , 6
754 , 4
755 , 1
756 , 8
757 , 1
758 , 8
759 , 1
760 , 1
761 , 3
762 , 3
763 , 7
764 , 0
765 , 3
766 , 1
767 , 4
768 , 5
769 , 2
770 , 1
771 , 3
772 , 8
773 , 3
774 , 1
775 , 6
776 , 6
777 , 5
778 , 6
779 , 7
780 , 0
781 , 0
782 , 6
783 , 4
784 , 3
785 , 7
786 , 7
787 , 9
788 , 8
789 , 7
790 , 2
791 , 8
792 , 7
793 , 2
794 , 3
795 , 6
796 , 1
797 , 4
798 , 1
799 , 1
800 , 2
801 , 6
802 , 4
803 , 3
804 , 4
805 , 2
806 , 0
807 , 4
808 , 5
809 , 7
810 , 7
811 , 1
812 , 6
813 , 3
814 , 4
815 , 9
816 , 8
817 , 6
818 , 7
819 , 2
820 , 1
821 , 3
822 , 8
823 , 9
824 , 3
825 , 8
826 , 8
827 , 7
828 , 5
829 , 4
830 , 2
831 , 8
832 , 9
833 , 4
834 , 8
835 , 8
836 , 9
837 , 8
838 , 4
839 , 3
840 , 0
841 , 5
842 , 3
843 , 1
844 , 9
845 , 3
846 , 7
847 , 9
848 , 9
849 , 8
850 , 1
851 , 5
852 , 2
853 , 0
854 , 6
855 , 0
856 , 8
857 , 1
858 , 8
859 , 4
860 , 9
861 , 8
862 , 9
863 , 3
864 , 6
865 , 9
866 , 6
867 , 9
868 , 7
869 , 8
870 , 4
871 , 3
872 , 1
873 , 8
874 , 8
875 , 8
876 , 8
877 , 3
878 , 5
879 , 6
880 , 3
881 , 6
882 , 3
883 , 4
884 , 4
885 , 1
886 , 8
887 , 1
888 , 0
889 , 0
890 , 9
891 , 1
892 , 8
893 , 8
894 , 8
895 , 7
896 , 4
897 , 1
898 , 6
899 , 4
900 , 3
901 , 4
902 , 4
903 , 5
904 , 0
905 , 4
906 , 6
907 , 2
908 , 6
909 , 2
910 , 2
911 , 8
912 , 9
913 , 9
914 , 9
915 , 3
916 , 4
917 , 2
918 , 8
919 , 0
920 , 5
921 , 2
922 , 9
923 , 3
924 , 7
925 , 5
926 , 5
927 , 0
928 , 0
929 , 1
930 , 8
931 , 4
932 , 8
933 , 4
934 , 9
935 , 9
936 , 2
937 , 6
938 , 6
939 , 5
940 , 9
941 , 7
942 , 2
943 , 2
944 , 2
945 , 5
946 , 7
947 , 5
948 , 1
949 , 2
950 , 0
951 , 3
952 , 8
953 , 5
954 , 4
955 , 9
956 , 3
957 , 0
958 , 2
959 , 8
960 , 1
961 , 3
962 , 8
963 , 9
964 , 5
965 , 9
966 , 6
967 , 9
968 , 6
969 , 9
970 , 0
971 , 8
972 , 8
973 , 2
974 , 7
975 , 7
976 , 7
977 , 9
978 , 1
979 , 0
980 , 3
981 , 4
982 , 2
983 , 4
984 , 7
985 , 7
986 , 1
987 , 5
988 , 3
989 , 3
990 , 1
991 , 6
992 , 6
993 , 2
994 , 0
995 , 7
996 , 9
997 , 4
998 , 7
999 , 4
